INDV	N_DATA	N_GENOTYPES_FILTERED	N_MISS	F_MISS
SA-CB-1-MG-2	5518006	0	4250908	0.77037
SL-FW-21-MG-1	5518006	0	1108449	0.200879
SL-SF-17-MG-1	5518006	0	415781	0.0753499
SL-FI-2-FG-11	5518006	0	1770191	0.320803
SL-LD-3-FG-2	5518006	0	4991257	0.90454
SA-CB-10-MG-1	5518006	0	597803	0.108337
SL-CC-6-MG-2	5518006	0	428507	0.0776561
SL-LD-1-MG-1	5518006	0	252806	0.0458147
SA-CB-2-MG-1	5518006	0	4147105	0.751559
SL-LL-9-MG-3	5518006	0	344495	0.0624311
SL-SF-17-MG-2	5518006	0	523077	0.0947946
SL-FI-2-FG-12	5518006	0	285750	0.051785
SL-LD-3-FG-3	5518006	0	2275701	0.412414
SA-CB-3-MG-2	5518006	0	3384448	0.613346
SL-CC-7-MG-2	5518006	0	337599	0.0611813
SL-LD-2-MG-1	5518006	0	190450	0.0345143
SA-CB-2-MG-2	5518006	0	3770785	0.68336
SL-FI-1-MG-2	5518006	0	272114	0.0493138
SL-SF-17-MG-3	5518006	0	337622	0.0611855
SL-JS-11-FG-4	5518006	0	312395	0.0566137
SL-LD-4-FG-3	5518006	0	4129693	0.748403
SA-CB-3-MG-3	5518006	0	3780690	0.685155
SL-FW-12-MG-10	5518006	0	204441	0.0370498
SL-LD-2-MG-2	5518006	0	203101	0.036807
SL-BL-14-MG-1	5518006	0	342116	0.0619999
SL-FI-1-MG-10	5518006	0	912511	0.16537
SL-SF-19-MG-1	5518006	0	706700	0.128072
SL-JS-19-FG-2	5518006	0	568378	0.103004
SL-LD-5-FG-2	5518006	0	1070799	0.194055
SA-CB-4-MG-1	5518006	0	3006905	0.544926
SL-FW-21-MG-2	5518006	0	291156	0.0527647
SL-LD-9-MG-2	5518006	0	342077	0.0619929
SL-BL-16-MG-2	5518006	0	509536	0.0923406
SL-FI-2-MG-1	5518006	0	2054261	0.372283
SL-SF-19-MG-2	5518006	0	401142	0.0726969
SL-LD-10-FG-1	5518006	0	4423168	0.801588
SL-LD-9-FG-2	5518006	0	1049615	0.190216
SA-CB-4-MG-3	5518006	0	567238	0.102798
SL-FW-12-MG-2	5518006	0	309162	0.0560278
SL-LD-9-MG-1	5518006	0	285764	0.0517875
SL-BL-17-MG-2	5518006	0	307700	0.0557629
SL-NL-2-MG-2	5518006	0	1119980	0.202968
SA-CB-4-FG-3	5518006	0	393107	0.0712408
SL-LD-10-FG-2	5518006	0	1519635	0.275396
SL-LD-9-FG-3	5518006	0	3732273	0.676381
SA-CB-5-MG-3	5518006	0	1803357	0.326813
SL-JS-11-MG-2	5518006	0	446849	0.0809802
SL-LL-9-MG-4	5518006	0	407175	0.0737902
SL-BL-18-MG-3	5518006	0	294700	0.053407
SL-OD-3-MG-2	5518006	0	360765	0.0653796
SA-CB-5-FG-1	5518006	0	4947950	0.896692
SA-CB-7-FG-3	5518006	0	1580283	0.286387
SL-LL-9-FG-3	5518006	0	267501	0.0484778
SA-CB-7-MG-1	5518006	0	2298366	0.416521
SL-JS-16-MG-2	5518006	0	322091	0.0583709
SL-NC-10-MG-3	5518006	0	715303	0.129631
SL-CC-8-MG-3	5518006	0	222103	0.0402506
SL-OI-11-MG-2	5518006	0	772643	0.140022
SA-CB-5-FG-5	5518006	0	4914010	0.890541
SL-LD-10-FG-3	5518006	0	3466362	0.628191
SL-NL-10-FG-2	5518006	0	305608	0.0553838
SA-CB-7-MG-2	5518006	0	3862588	0.699997
SL-JS-19-MG-2	5518006	0	943682	0.171019
SL-NC-11-MG-3	5518006	0	298959	0.0541788
SL-CC-9-MG-4	5518006	0	299264	0.0542341
SL-OI-14-MG-2	5518006	0	389591	0.0706036
SL-BL-10-FG-2	5518006	0	497243	0.0901128
SL-LD-1-FG-1	5518006	0	1528019	0.276915
SL-BL-10-MG-1	5518006	0	374847	0.0679316
SL-JS-9-MG-1	5518006	0	468073	0.0848265
SL-NC-15-MG-1	5518006	0	862633	0.156331
SL-LD-2-MG-3	5518006	0	361313	0.0654789
SL-OI-15-MG-1	5518006	0	881700	0.159786
SL-BL-15-FG-1	5518006	0	743809	0.134797
SL-LD-1-FG-2	5518006	0	4782070	0.86663
SL-NL-9-FG-2	5518006	0	2850387	0.516561
SL-BL-12-MG-2	5518006	0	248447	0.0450248
SL-NC-15-MG-4	5518006	0	482558	0.0874515
SL-LD-13-MG-2	5518006	0	611477	0.110815
SL-SF-13-MG-3	5518006	0	299175	0.054218
SL-BL-16-FG-3	5518006	0	476267	0.0863114
SL-LD-2-FG-2	5518006	0	1678555	0.304196
SL-SF-13-FG-1	5518006	0	956159	0.17328
SL-CC-1-MG-3	5518006	0	335690	0.0608354
SL-LD-1-MG-3	5518006	0	242021	0.0438602
SL-NL-10-MG-2	5518006	0	363132	0.0658086
SL-FW-12-MG-11	5518006	0	236527	0.0428646
SL-SF-15-MG-2	5518006	0	594479	0.107734
SL-CC-2-FG-1	5518006	0	838008	0.151868
SL-LD-3-FG-1	5518006	0	915257	0.165867
SL-SF-18-FG-1	5518006	0	1061717	0.19241
SL-CC-3-MG-1	5518006	0	473753	0.0858558
SL-LD-13-MG-3	5518006	0	589217	0.106781
SL-NL-2-MG-1	5518006	0	405769	0.0735354
SA-CB-2-MG-3	5518006	0	1611071	0.291966
SA-CB-9-FG-1	5518006	0	4815562	0.8727
SA-CB-7-FG-1	5518006	0	3220884	0.583704
SL-BL-11-FG-1	5518006	0	1282528	0.232426
SL-BL-13-MG-1	5518006	0	426553	0.077302
SL-BL-14-FG-3	5518006	0	609362	0.110432
SL-BL-17-FG-3	5518006	0	809631	0.146725
SL-CC-1-FG-2	5518006	0	1194813	0.21653
SL-CC-5-FG-1	5518006	0	665508	0.120607
SL-CC-6-FG-3	5518006	0	1195158	0.216592
SL-CC-9-FG-1	5518006	0	1799575	0.326128
SL-FI-1-FG-10	5518006	0	307603	0.0557453
SL-FI-1-FG-11	5518006	0	279022	0.0505657
SL-FI-1-FG-12	5518006	0	266898	0.0483686
SL-FI-2-FG-10	5518006	0	2228044	0.403777
SL-FW-12-FG-10	5518006	0	415302	0.0752631
SL-FW-14-FG-13	5518006	0	425569	0.0771237
SL-FW-2-MG-1	5518006	0	471092	0.0853736
SL-JS-16-FG-1	5518006	0	3124273	0.566196
SL-JS-5-FG-1	5518006	0	1328204	0.240704
SL-JS-5-MG-1	5518006	0	2771094	0.502191
SL-LD-13-Mg-3	5518006	0	1156137	0.209521
SL-LD-13-FG-2	5518006	0	1454741	0.263635
SL-LD-13-FG-1	5518006	0	1669812	0.302611
SL-LD-2-FG-3	5518006	0	679367	0.123118
SL-LD-9-FG-1	5518006	0	1535484	0.278268
SL-LD-3-MG-2	5518006	0	733767	0.132977
SL-LL-9-FG-2	5518006	0	3090640	0.560101
SL-TI-3-MG-2	5518006	0	490430	0.0888781
SL-LL-9-FG-1	5518006	0	585671	0.106138
SL-NC-12-FG-2	5518006	0	1000943	0.181396
SL-NC-1-FG-3	5518006	0	622626	0.112835
SL-NC-5-FG-2	5518006	0	1384309	0.250871
SL-NC-8-FG-1	5518006	0	2277265	0.412697
SL-NC-8-FG-2	5518006	0	1548283	0.280587
SL-NC-10-MG-1	5518006	0	478077	0.0866394
SL-NC-11-FG-3	5518006	0	651446	0.118058
SL-NL-2-FG-1	5518006	0	2390065	0.433139
SL-NL-2-FG-3	5518006	0	1368414	0.247991
SL-NL-2-MG-3	5518006	0	469454	0.0850767
SL-NL-3-FG-1	5518006	0	1576035	0.285617
SL-NL-3-FG-3	5518006	0	1191536	0.215936
SL-NL-3-MG-2	5518006	0	610399	0.110619
SL-NL-5-MG-2	5518006	0	330931	0.0599729
SL-NL-6-FG-1	5518006	0	4843013	0.877674
SL-NL-6-FG-3	5518006	0	723080	0.13104
SL-NL-6-MG-1	5518006	0	648369	0.117501
SL-NL-7-MG-2	5518006	0	631547	0.114452
SL-NL-9-MG-3	5518006	0	400118	0.0725113
SL-NL-9-MG-1	5518006	0	369317	0.0669294
SL-NL-6-MG-2	5518006	0	2633589	0.477272
SL-OD-3-MG-1	5518006	0	227144	0.0411641
SL-OD-5-MG-1	5518006	0	404524	0.0733098
SL-OD-6-MG-1	5518006	0	252347	0.0457316
SL-OI-11-FG-3	5518006	0	1889420	0.34241
SL-OI-15-FG-1	5518006	0	2936431	0.532154
SL-OI-15-MG-2	5518006	0	429180	0.0777781
SL-OI-16-FG-1	5518006	0	1065995	0.193185
SL-OI-16-FG-3	5518006	0	1970866	0.35717
SL-OI-16-MG-1	5518006	0	291192	0.0527712
SL-OI-17-FG-1	5518006	0	1716197	0.311018
SL-OI-17-FG-4	5518006	0	2561693	0.464243
SL-OI-18-FG-1	5518006	0	3472042	0.62922
SL-OI-18-FG-2	5518006	0	1205046	0.218384
SL-OI-18-MG-1	5518006	0	572714	0.10379
SL-OI-2-FG-2	5518006	0	263794	0.047806
SL-OI-2-FG-3	5518006	0	1374506	0.249095
SL-OI-4-FG-3	5518006	0	537922	0.0974849
SL-OI-4-MG-1	5518006	0	466030	0.0844562
SL-OI-5-MG-2	5518006	0	477623	0.0865572
SL-OI-6-FG-1	5518006	0	1091459	0.1978
SL-OI-6-MG-2	5518006	0	477135	0.0864687
SL-OI-7-FG-1	5518006	0	3486971	0.631926
SL-OI-7-MG-1	5518006	0	498637	0.0903654
SL-OI-9-FG-1	5518006	0	464791	0.0842317
SL-OI-9-MG-3	5518006	0	386883	0.0701128
SL-PI-1-FG-10	5518006	0	736526	0.133477
SA-CB-10-FG-1	5518006	0	1320423	0.239294
SL-PI-1-MG-11	5518006	0	289814	0.0525215
SL-PI-1-MG-3	5518006	0	335553	0.0608106
SL-SF-13-MG-11	5518006	0	322746	0.0584896
SA-CB-5-FG-3	5518006	0	149273	0.027052
SL-SF-15-MG-1	5518006	0	426808	0.0773482
SL-SF-17-FG-2	5518006	0	2338467	0.423788
SL-SF-13-FG-2	5518006	0	957367	0.173499
SL-OD-10-FG-2	5518006	0	997608	0.180791
SL-TI-4-FG-1	5518006	0	935224	0.169486
SL-TI-3-MG-1	5518006	0	378149	0.06853
SL-TI-4-FG-2	5518006	0	811497	0.147063
SL-TI-5-MG-3	5518006	0	317037	0.057455
